EL= 2.250E+00
0.0      4.277E-03       0.000E+00       0.000E+00  7.071E-01  0.000E+00  0.000E+00
10.0      4.285E-03       1.746E-03       2.762E-05  7.058E-01 -4.530E-04  8.974E-05
20.0      4.306E-03       6.735E-03       5.236E-05  7.021E-01 -8.406E-04  3.459E-04
30.0      4.339E-03       1.427E-02       7.194E-05  6.966E-01 -1.109E-03  7.317E-04
40.0      4.380E-03       2.335E-02       8.457E-05  6.900E-01 -1.223E-03  1.194E-03
50.0      4.422E-03       3.280E-02       8.944E-05  6.831E-01 -1.173E-03  1.674E-03
60.0      4.462E-03       4.148E-02       8.695E-05  6.768E-01 -9.689E-04  2.112E-03
70.0      4.495E-03       4.841E-02       7.783E-05  6.717E-01 -6.379E-04  2.460E-03
80.0      4.516E-03       5.283E-02       6.362E-05  6.685E-01 -2.198E-04  2.682E-03
90.0      4.523E-03       5.430E-02       4.608E-05  6.674E-01  2.393E-04  2.754E-03
100.0      4.515E-03       5.266E-02       2.728E-05  6.686E-01  6.905E-04  2.672E-03
110.0      4.493E-03       4.810E-02       9.273E-06  6.720E-01  1.085E-03  2.443E-03
120.0      4.460E-03       4.109E-02      -6.125E-06  6.771E-01  1.378E-03  2.091E-03
130.0      4.419E-03       3.240E-02      -1.727E-05  6.834E-01  1.532E-03  1.652E-03
140.0      4.377E-03       2.301E-02      -2.342E-05  6.903E-01  1.521E-03  1.175E-03
150.0      4.336E-03       1.403E-02      -2.393E-05  6.968E-01  1.338E-03  7.186E-04
160.0      4.304E-03       6.612E-03      -1.924E-05  7.022E-01  9.960E-04  3.391E-04
170.0      4.283E-03       1.712E-03      -1.070E-05  7.058E-01  5.314E-04  8.791E-05
180.0      4.275E-03       5.924E-24       6.483E-16  7.071E-01 -3.175E-14  3.043E-25
EL= 2.300E+00
0.0      4.745E-03       0.000E+00       0.000E+00  7.069E-01  0.000E+00  0.000E+00
10.0      4.783E-03       7.975E-03       1.266E-04  7.011E-01 -2.244E-03  4.238E-04
20.0      4.893E-03       3.022E-02       2.347E-04  6.848E-01 -4.080E-03  1.600E-03
30.0      5.061E-03       6.236E-02       3.109E-04  6.613E-01 -5.227E-03  3.285E-03
40.0      5.266E-03       9.886E-02       3.493E-04  6.347E-01 -5.583E-03  5.174E-03
50.0      5.484E-03       1.345E-01       3.506E-04  6.087E-01 -5.205E-03  6.992E-03
60.0      5.687E-03       1.654E-01       3.201E-04  5.862E-01 -4.244E-03  8.539E-03
70.0      5.851E-03       1.887E-01       2.653E-04  5.693E-01 -2.874E-03  9.691E-03
80.0      5.956E-03       2.030E-01       1.938E-04  5.589E-01 -1.258E-03  1.039E-02
90.0      5.989E-03       2.075E-01       1.130E-04  5.556E-01  4.636E-04  1.060E-02
100.0      5.947E-03       2.021E-01       3.010E-05  5.596E-01  2.170E-03  1.033E-02
110.0      5.836E-03       1.869E-01      -4.791E-05  5.706E-01  3.737E-03  9.592E-03
120.0      5.668E-03       1.630E-01      -1.142E-04  5.880E-01  5.028E-03  8.409E-03
130.0      5.465E-03       1.320E-01      -1.618E-04  6.106E-01  5.881E-03  6.851E-03
140.0      5.249E-03       9.651E-02      -1.842E-04  6.364E-01  6.128E-03  5.045E-03
150.0      5.048E-03       6.062E-02      -1.773E-04  6.626E-01  5.630E-03  3.189E-03
160.0      4.884E-03       2.928E-02      -1.400E-04  6.855E-01  4.342E-03  1.548E-03
170.0      4.778E-03       7.709E-03      -7.731E-05  7.012E-01  2.371E-03  4.090E-04
180.0      4.741E-03       2.683E-23       4.673E-15  7.069E-01 -1.428E-13  1.425E-24
EL= 2.350E+00
0.0      4.447E-03       0.000E+00       0.000E+00  7.066E-01  0.000E+00  0.000E+00
10.0      4.525E-03       1.723E-02       2.527E-04  6.940E-01 -5.015E-03  9.366E-04
20.0      4.750E-03       6.361E-02       4.555E-04  6.601E-01 -8.852E-03  3.439E-03
30.0      5.093E-03       1.266E-01       5.796E-04  6.141E-01 -1.087E-02  6.783E-03
40.0      5.511E-03       1.928E-01       6.216E-04  5.658E-01 -1.108E-02  1.022E-02
50.0      5.955E-03       2.528E-01       5.948E-04  5.222E-01 -9.883E-03  1.325E-02
60.0      6.367E-03       3.011E-01       5.175E-04  4.871E-01 -7.777E-03  1.561E-02
70.0      6.699E-03       3.357E-01       4.068E-04  4.620E-01 -5.168E-03  1.725E-02
80.0      6.911E-03       3.560E-01       2.760E-04  4.473E-01 -2.323E-03  1.818E-02
90.0      6.977E-03       3.622E-01       1.352E-04  4.429E-01  5.996E-04  1.845E-02
100.0      6.891E-03       3.543E-01      -7.098E-06  4.486E-01  3.504E-03  1.808E-02
110.0      6.663E-03       3.323E-01      -1.428E-04  4.645E-01  6.291E-03  1.706E-02
120.0      6.321E-03       2.964E-01      -2.623E-04  4.905E-01  8.799E-03  1.535E-02
130.0      5.908E-03       2.474E-01      -3.541E-04  5.261E-01  1.076E-02  1.295E-02
140.0      5.471E-03       1.875E-01      -4.036E-04  5.696E-01  1.176E-02  9.928E-03
150.0      5.063E-03       1.223E-01      -3.955E-04  6.172E-01  1.134E-02  6.545E-03
160.0      4.732E-03       6.114E-02      -3.199E-04  6.619E-01  9.119E-03  3.299E-03
170.0      4.517E-03       1.649E-02      -1.801E-04  6.945E-01  5.127E-03  8.950E-04
180.0      4.442E-03       5.793E-23       1.096E-14  7.066E-01 -3.121E-13  3.149E-24
EL= 2.400E+00
0.0      4.098E-03       0.000E+00       0.000E+00  7.063E-01  0.000E+00  0.000E+00
10.0      4.221E-03       2.894E-02       3.944E-04  6.850E-01 -8.626E-03  1.603E-03
20.0      4.572E-03       1.035E-01       6.878E-04  6.304E-01 -1.469E-02  5.690E-03
30.0      5.109E-03       1.976E-01       8.375E-04  5.617E-01 -1.719E-02  1.073E-02
40.0      5.764E-03       2.886E-01       8.579E-04  4.953E-01 -1.666E-02  1.545E-02
50.0      6.456E-03       3.647E-01       7.863E-04  4.401E-01 -1.421E-02  1.921E-02
60.0      7.100E-03       4.222E-01       6.578E-04  3.985E-01 -1.078E-02  2.190E-02
70.0      7.617E-03       4.614E-01       4.969E-04  3.704E-01 -6.997E-03  2.363E-02
80.0      7.945E-03       4.836E-01       3.190E-04  3.544E-01 -3.148E-03  2.455E-02
90.0      8.046E-03       4.901E-01       1.337E-04  3.498E-01  6.764E-04  2.481E-02
100.0      7.908E-03       4.813E-01      -5.269E-05  3.561E-01  4.485E-03  2.443E-02
110.0      7.551E-03       4.568E-01      -2.334E-04  3.736E-01  8.279E-03  2.337E-02
120.0      7.017E-03       4.157E-01      -3.996E-04  4.032E-01  1.196E-02  2.154E-02
130.0      6.372E-03       3.569E-01      -5.372E-04  4.458E-01  1.521E-02  1.877E-02
140.0      5.692E-03       2.803E-01      -6.246E-04  5.014E-01  1.743E-02  1.498E-02
150.0      5.058E-03       1.904E-01      -6.319E-04  5.669E-01  1.766E-02  1.032E-02
160.0      4.543E-03       9.897E-02      -5.290E-04  6.338E-01  1.488E-02  5.429E-03
170.0      4.209E-03       2.751E-02      -3.060E-04  6.861E-01  8.658E-03  1.520E-03
180.0      4.093E-03       9.769E-23       1.882E-14  7.063E-01 -5.338E-13  5.414E-24
EL= 2.450E+00
0.0      3.783E-03       0.000E+00       0.000E+00  7.058E-01  0.000E+00  0.000E+00
10.0      3.951E-03       4.260E-02       5.444E-04  6.745E-01 -1.294E-02  2.400E-03
20.0      4.436E-03       1.470E-01       9.153E-04  5.980E-01 -2.118E-02  8.202E-03
30.0      5.175E-03       2.687E-01       1.065E-03  5.091E-01 -2.357E-02  1.477E-02
40.0      6.076E-03       3.770E-01       1.045E-03  4.303E-01 -2.176E-02  2.033E-02
50.0      7.028E-03       4.611E-01       9.232E-04  3.693E-01 -1.779E-02  2.436E-02
60.0      7.911E-03       5.212E-01       7.482E-04  3.262E-01 -1.306E-02  2.700E-02
70.0      8.620E-03       5.605E-01       5.480E-04  2.981E-01 -8.287E-03  2.856E-02
80.0      9.067E-03       5.821E-01       3.368E-04  2.827E-01 -3.705E-03  2.934E-02
90.0      9.202E-03       5.883E-01       1.212E-04  2.784E-01  7.172E-04  2.953E-02
100.0      9.010E-03       5.796E-01      -9.509E-05  2.846E-01  5.127E-03  2.920E-02
110.0      8.517E-03       5.554E-01      -3.083E-04  3.018E-01  9.665E-03  2.828E-02
120.0      7.783E-03       5.137E-01      -5.118E-04  3.316E-01  1.434E-02  2.657E-02
130.0      6.898E-03       4.515E-01      -6.920E-04  3.763E-01  1.890E-02  2.382E-02
140.0      5.966E-03       3.662E-01      -8.231E-04  4.381E-01  2.259E-02  1.971E-02
150.0      5.097E-03       2.585E-01      -8.613E-04  5.165E-01  2.401E-02  1.418E-02
160.0      4.393E-03       1.400E-01      -7.491E-04  6.031E-01  2.123E-02  7.795E-03
170.0      3.935E-03       4.024E-02      -4.473E-04  6.763E-01  1.283E-02  2.262E-03
180.0      3.777E-03       1.448E-22       2.787E-14  7.058E-01 -8.028E-13  8.166E-24
EL= 2.500E+00
0.0      3.509E-03       0.000E+00       0.000E+00  7.053E-01  0.000E+00  0.000E+00
10.0      3.724E-03       5.773E-02       6.975E-04  6.629E-01 -1.784E-02  3.305E-03
20.0      4.342E-03       1.918E-01       1.128E-03  5.645E-01 -2.798E-02  1.085E-02
30.0      5.286E-03       3.358E-01       1.257E-03  4.592E-01 -2.965E-02  1.866E-02
40.0      6.436E-03       4.543E-01       1.186E-03  3.732E-01 -2.616E-02  2.467E-02
50.0      7.649E-03       5.406E-01       1.015E-03  3.109E-01 -2.059E-02  2.863E-02
60.0      8.774E-03       5.993E-01       8.023E-04  2.689E-01 -1.468E-02  3.099E-02
70.0      9.674E-03       6.365E-01       5.735E-04  2.427E-01 -9.122E-03  3.225E-02
80.0      1.024E-02       6.566E-01       3.398E-04  2.286E-01 -4.041E-03  3.283E-02
90.0      1.041E-02       6.622E-01       1.048E-04  2.247E-01  7.376E-04  3.294E-02
100.0      1.016E-02       6.540E-01      -1.312E-04  2.305E-01  5.509E-03  3.268E-02
110.0      9.529E-03       6.312E-01      -3.670E-04  2.464E-01  1.056E-02  3.195E-02
120.0      8.594E-03       5.913E-01      -5.989E-04  2.747E-01  1.604E-02  3.053E-02
130.0      7.467E-03       5.299E-01      -8.158E-04  3.186E-01  2.179E-02  2.801E-02
140.0      6.282E-03       4.417E-01      -9.910E-04  3.823E-01  2.705E-02  2.393E-02
150.0      5.179E-03       3.231E-01      -1.071E-03  4.685E-01  3.006E-02  1.790E-02
160.0      4.285E-03       1.823E-01      -9.681E-04  5.715E-01  2.788E-02  1.028E-02
170.0      3.704E-03       5.427E-02      -5.984E-04  6.654E-01  1.753E-02  3.098E-03
180.0      3.502E-03       1.982E-22       3.782E-14  7.053E-01 -1.114E-12  1.136E-23
EL= 2.550E+00
0.0      3.272E-03       0.000E+00       0.000E+00  7.047E-01  0.000E+00  0.000E+00
10.0      3.533E-03       7.394E-02       8.497E-04  6.503E-01 -2.321E-02  4.299E-03
20.0      4.285E-03       2.361E-01       1.321E-03  5.312E-01 -3.486E-02  1.354E-02
30.0      5.431E-03       3.971E-01       1.411E-03  4.136E-01 -3.524E-02  2.229E-02
40.0      6.826E-03       5.201E-01       1.288E-03  3.244E-01 -2.984E-02  2.842E-02
50.0      8.297E-03       6.049E-01       1.074E-03  2.635E-01 -2.272E-02  3.210E-02
60.0      9.660E-03       6.605E-01       8.318E-04  2.241E-01 -1.577E-02  3.407E-02
70.0      1.075E-02       6.948E-01       5.830E-04  2.002E-01 -9.611E-03  3.499E-02
80.0      1.143E-02       7.130E-01       3.349E-04  1.877E-01 -4.212E-03  3.533E-02
90.0      1.163E-02       7.179E-01       8.771E-05  1.843E-01  7.466E-04  3.537E-02
100.0      1.133E-02       7.104E-01      -1.607E-04  1.895E-01  5.702E-03  3.518E-02
110.0      1.056E-02       6.895E-01      -4.119E-04  2.040E-01  1.108E-02  3.468E-02
120.0      9.424E-03       6.524E-01      -6.651E-04  2.300E-01  1.718E-02  3.359E-02
130.0      8.059E-03       5.938E-01      -9.122E-04  2.715E-01  2.398E-02  3.144E-02
140.0      6.625E-03       5.063E-01      -1.129E-03  3.344E-01  3.079E-02  2.759E-02
150.0      5.291E-03       3.822E-01      -1.255E-03  4.245E-01  3.563E-02  2.139E-02
160.0      4.210E-03       2.241E-01      -1.178E-03  5.401E-01  3.457E-02  1.281E-02
170.0      3.508E-03       6.921E-02      -7.547E-04  6.538E-01  2.264E-02  4.011E-03
180.0      3.265E-03       2.568E-22       4.845E-14  7.047E-01 -1.464E-12  1.495E-23
EL= 2.600E+00
0.0      3.066E-03       0.000E+00       0.000E+00  7.040E-01  0.000E+00  0.000E+00
10.0      3.373E-03       9.087E-02       9.979E-04  6.371E-01 -2.896E-02  5.362E-03
20.0      4.254E-03       2.790E-01       1.490E-03  4.989E-01 -4.164E-02  1.621E-02
30.0      5.598E-03       4.518E-01       1.532E-03  3.727E-01 -4.028E-02  2.562E-02
40.0      7.233E-03       5.755E-01       1.358E-03  2.832E-01 -3.287E-02  3.164E-02
50.0      8.955E-03       6.569E-01       1.109E-03  2.251E-01 -2.429E-02  3.492E-02
60.0      1.055E-02       7.086E-01       8.449E-04  1.889E-01 -1.646E-02  3.645E-02
70.0      1.182E-02       7.398E-01       5.827E-04  1.674E-01 -9.847E-03  3.702E-02
80.0      1.262E-02       7.562E-01       3.257E-04  1.564E-01 -4.264E-03  3.714E-02
90.0      1.284E-02       7.605E-01       7.135E-05  1.535E-01  7.493E-04  3.710E-02
100.0      1.248E-02       7.537E-01      -1.846E-04  1.581E-01  5.764E-03  3.699E-02
110.0      1.158E-02       7.347E-01      -4.461E-04  1.711E-01  1.134E-02  3.671E-02
120.0      1.025E-02       7.005E-01      -7.149E-04  1.946E-01  1.792E-02  3.596E-02
130.0      8.656E-03       6.455E-01      -9.862E-04  2.332E-01  2.561E-02  3.423E-02
140.0      6.981E-03       5.609E-01      -1.239E-03  2.937E-01  3.388E-02  3.075E-02
150.0      5.423E-03       4.352E-01      -1.414E-03  3.848E-01  4.066E-02  2.460E-02
160.0      4.162E-03       2.645E-01      -1.374E-03  5.095E-01  4.117E-02  1.532E-02
170.0      3.343E-03       8.475E-02      -9.126E-04  6.416E-01  2.808E-02  4.983E-03
180.0      3.059E-03       3.198E-22       5.957E-14  7.041E-01 -1.849E-12  1.890E-23
EL= 2.650E+00
0.0      2.886E-03       0.000E+00       0.000E+00  7.032E-01  0.000E+00  0.000E+00
10.0      3.236E-03       1.082E-01       1.140E-03  6.234E-01 -3.499E-02  6.481E-03
20.0      4.243E-03       3.196E-01       1.637E-03  4.681E-01 -4.821E-02  1.881E-02
30.0      5.778E-03       5.000E-01       1.625E-03  3.364E-01 -4.476E-02  2.863E-02
40.0      7.645E-03       6.219E-01       1.404E-03  2.485E-01 -3.534E-02  3.440E-02
50.0      9.610E-03       6.989E-01       1.127E-03  1.939E-01 -2.543E-02  3.722E-02
60.0      1.143E-02       7.466E-01       8.471E-04  1.609E-01 -1.685E-02  3.831E-02
70.0      1.287E-02       7.750E-01       5.764E-04  1.418E-01 -9.900E-03  3.853E-02
80.0      1.378E-02       7.897E-01       3.144E-04  1.321E-01 -4.231E-03  3.843E-02
90.0      1.403E-02       7.935E-01       5.622E-05  1.296E-01  7.488E-04  3.832E-02
100.0      1.362E-02       7.873E-01      -2.041E-04  1.338E-01  5.734E-03  3.828E-02
110.0      1.259E-02       7.700E-01      -4.722E-04  1.453E-01  1.141E-02  3.822E-02
120.0      1.107E-02       7.388E-01      -7.521E-04  1.665E-01  1.834E-02  3.782E-02
130.0      9.248E-03       6.877E-01      -1.043E-03  2.020E-01  2.681E-02  3.652E-02
140.0      7.340E-03       6.069E-01      -1.327E-03  2.593E-01  3.641E-02  3.346E-02
150.0      5.567E-03       4.822E-01      -1.548E-03  3.494E-01  4.516E-02  2.751E-02
160.0      4.132E-03       3.030E-01      -1.554E-03  4.804E-01  4.757E-02  1.776E-02
170.0      3.201E-03       1.006E-01      -1.070E-03  6.292E-01  3.376E-02  6.002E-03
180.0      2.878E-03       3.864E-22       7.104E-14  7.033E-01 -2.266E-12  2.318E-23
EL= 2.700E+00
0.0      2.726E-03       0.000E+00       0.000E+00  7.023E-01  0.000E+00  0.000E+00
10.0      3.119E-03       1.258E-01       1.272E-03  6.096E-01 -4.124E-02  7.642E-03
20.0      4.247E-03       3.577E-01       1.758E-03  4.392E-01 -5.451E-02  2.131E-02
30.0      5.965E-03       5.424E-01       1.691E-03  3.044E-01 -4.874E-02  3.136E-02
40.0      8.055E-03       6.608E-01       1.430E-03  2.193E-01 -3.736E-02  3.678E-02
50.0      1.025E-02       7.333E-01       1.132E-03  1.683E-01 -2.624E-02  3.912E-02
60.0      1.228E-02       7.772E-01       8.408E-04  1.384E-01 -1.702E-02  3.977E-02
70.0      1.390E-02       8.029E-01       5.655E-04  1.214E-01 -9.821E-03  3.966E-02
80.0      1.490E-02       8.162E-01       3.016E-04  1.129E-01 -4.138E-03  3.936E-02
90.0      1.518E-02       8.196E-01       4.242E-05  1.109E-01  7.465E-04  3.918E-02
100.0      1.471E-02       8.139E-01      -2.195E-04  1.145E-01  5.638E-03  3.921E-02
110.0      1.356E-02       7.982E-01      -4.912E-04  1.247E-01  1.134E-02  3.935E-02
120.0      1.186E-02       7.695E-01      -7.785E-04  1.438E-01  1.854E-02  3.928E-02
130.0      9.825E-03       7.222E-01      -1.083E-03  1.763E-01  2.766E-02  3.840E-02
140.0      7.695E-03       6.457E-01      -1.394E-03  2.302E-01  3.849E-02  3.581E-02
150.0      5.716E-03       5.236E-01      -1.658E-03  3.181E-01  4.916E-02  3.016E-02
160.0      4.117E-03       3.391E-01      -1.714E-03  4.529E-01  5.371E-02  2.012E-02
170.0      3.079E-03       1.167E-01      -1.221E-03  6.165E-01  3.963E-02  7.056E-03
180.0      2.719E-03       4.560E-22       8.257E-14  7.025E-01 -2.712E-12  2.776E-23
EL= 2.750E+00
0.0      2.585E-03       0.000E+00       0.000E+00  7.014E-01  0.000E+00  0.000E+00
10.0      3.018E-03       1.434E-01       1.397E-03  5.956E-01 -4.764E-02  8.834E-03
20.0      4.261E-03       3.930E-01       1.861E-03  4.121E-01 -6.049E-02  2.372E-02
30.0      6.155E-03       5.794E-01       1.739E-03  2.763E-01 -5.225E-02  3.383E-02
40.0      8.456E-03       6.936E-01       1.444E-03  1.945E-01 -3.900E-02  3.884E-02
50.0      1.087E-02       7.615E-01       1.129E-03  1.472E-01 -2.677E-02  4.069E-02
60.0      1.311E-02       8.020E-01       8.309E-04  1.201E-01 -1.702E-02  4.093E-02
70.0      1.488E-02       8.254E-01       5.532E-04  1.050E-01 -9.637E-03  4.050E-02
80.0      1.598E-02       8.374E-01       2.890E-04  9.764E-02 -3.995E-03  4.001E-02
90.0      1.628E-02       8.404E-01       2.991E-05  9.588E-02  7.433E-04  3.976E-02
100.0      1.576E-02       8.352E-01      -2.324E-04  9.915E-02  5.492E-03  3.986E-02
110.0      1.449E-02       8.209E-01      -5.061E-04  1.082E-01  1.116E-02  4.020E-02
120.0      1.262E-02       7.946E-01      -7.988E-04  1.253E-01  1.855E-02  4.043E-02
130.0      1.038E-02       7.507E-01      -1.115E-03  1.550E-01  2.824E-02  3.997E-02
140.0      8.041E-03       6.785E-01      -1.448E-03  2.054E-01  4.019E-02  3.784E-02
150.0      5.867E-03       5.600E-01      -1.751E-03  2.904E-01  5.271E-02  3.256E-02
160.0      4.111E-03       3.727E-01      -1.858E-03  4.271E-01  5.955E-02  2.239E-02
170.0      2.972E-03       1.326E-01      -1.370E-03  6.038E-01  4.563E-02  8.134E-03
180.0      2.577E-03       5.281E-22       9.431E-14  7.017E-01 -3.183E-12  3.262E-23
EL= 3.000E+00
0.0      2.058E-03       0.000E+00       0.000E+00  6.957E-01  0.000E+00  0.000E+00
10.0      2.662E-03       2.269E-01       1.864E-03  5.280E-01 -8.051E-02  1.498E-02
20.0      4.397E-03       5.315E-01       2.120E-03  3.042E-01 -8.586E-02  3.410E-02
30.0      7.036E-03       7.068E-01       1.784E-03  1.775E-01 -6.489E-02  4.331E-02
40.0      1.024E-02       7.981E-01       1.393E-03  1.140E-01 -4.363E-02  4.609E-02
50.0      1.359E-02       8.477E-01       1.047E-03  8.169E-02 -2.718E-02  4.575E-02
60.0      1.668E-02       8.757E-01       7.473E-04  6.517E-02 -1.559E-02  4.416E-02
70.0      1.911E-02       8.914E-01       4.790E-04  5.695E-02 -7.914E-03  4.236E-02
80.0      2.060E-02       8.992E-01       2.281E-04  5.337E-02 -2.916E-03  4.102E-02
90.0      2.099E-02       9.011E-01      -1.763E-05  5.272E-02  7.268E-04  4.049E-02
100.0      2.024E-02       8.975E-01      -2.691E-04  5.455E-02  4.391E-03  4.087E-02
110.0      1.845E-02       8.877E-01      -5.373E-04  5.947E-02  9.443E-03  4.206E-02
120.0      1.586E-02       8.695E-01      -8.344E-04  6.941E-02  1.719E-02  4.366E-02
130.0      1.276E-02       8.383E-01      -1.174E-03  8.830E-02  2.879E-02  4.501E-02
140.0      9.541E-03       7.842E-01      -1.568E-03  1.240E-01  4.508E-02  4.501E-02
150.0      6.557E-03       6.866E-01      -2.005E-03  1.922E-01  6.559E-02  4.181E-02
160.0      4.149E-03       5.055E-01      -2.350E-03  3.234E-01  8.448E-02  3.222E-02
170.0      2.589E-03       2.083E-01      -2.004E-03  5.422E-01  7.625E-02  1.367E-02
180.0      2.049E-03       9.088E-22       1.512E-13  6.965E-01 -5.861E-12  6.020E-23
EL= 3.500E+00
0.0      1.473E-03       0.000E+00       0.000E+00  6.790E-01  0.000E+00  0.000E+00
10.0      2.290E-03       3.562E-01       2.049E-03  4.167E-01 -1.431E-01  2.686E-02
20.0      4.630E-03       6.810E-01       1.902E-03  1.800E-01 -1.210E-01  4.924E-02
30.0      8.182E-03       8.190E-01       1.445E-03  8.362E-02 -7.829E-02  5.534E-02
40.0      1.248E-02       8.809E-01       1.071E-03  4.482E-02 -4.572E-02  5.440E-02
50.0      1.696E-02       9.121E-01       7.778E-04  2.922E-02 -2.380E-02  5.067E-02
60.0      2.105E-02       9.289E-01       5.368E-04  2.372E-02 -1.032E-02  4.620E-02
70.0      2.425E-02       9.382E-01       3.247E-04  2.256E-02 -3.133E-03  4.218E-02
80.0      2.618E-02       9.427E-01       1.258E-04  2.292E-02 -1.577E-04  3.943E-02
90.0      2.662E-02       9.436E-01      -7.192E-05  2.343E-02  7.070E-04  3.840E-02
100.0      2.555E-02       9.413E-01      -2.792E-04  2.374E-02  1.604E-03  3.925E-02
110.0      2.313E-02       9.354E-01      -5.069E-04  2.434E-02  4.674E-03  4.182E-02
120.0      1.965E-02       9.242E-01      -7.688E-04  2.680E-02  1.200E-02  4.561E-02
130.0      1.555E-02       9.046E-01      -1.083E-03  3.424E-02  2.561E-02  4.982E-02
140.0      1.129E-02       8.693E-01      -1.477E-03  5.297E-02  4.751E-02  5.317E-02
150.0      7.368E-03       8.004E-01      -1.981E-03  9.708E-02  7.946E-02  5.355E-02
160.0      4.211E-03       6.519E-01      -2.566E-03  2.018E-01  1.194E-01  4.666E-02
170.0      2.168E-03       3.254E-01      -2.649E-03  4.410E-01  1.343E-01  2.428E-02
180.0      1.461E-03       1.666E-21       2.344E-13  6.817E-01 -1.223E-11  1.261E-22
EL= 4.000E+00
0.0      1.156E-03       0.000E+00       0.000E+00  6.554E-01  0.000E+00  0.000E+00
10.0      2.067E-03       4.398E-01       1.482E-03  3.355E-01 -1.986E-01  3.758E-02
20.0      4.673E-03       7.515E-01       1.229E-03  1.127E-01 -1.467E-01  6.098E-02
30.0      8.621E-03       8.647E-01       8.933E-04  3.791E-02 -8.669E-02  6.446E-02
40.0      1.338E-02       9.124E-01       6.471E-04  1.282E-02 -4.536E-02  6.062E-02
50.0      1.833E-02       9.357E-01       4.608E-04  6.170E-03 -1.921E-02  5.410E-02
60.0      2.283E-02       9.481E-01       3.072E-04  6.827E-03 -4.442E-03  4.713E-02
70.0      2.632E-02       9.548E-01       1.693E-04  9.827E-03  1.948E-03  4.113E-02
80.0      2.838E-02       9.580E-01       3.571E-05  1.260E-02  2.728E-03  3.708E-02
90.0      2.881E-02       9.586E-01      -1.022E-04  1.385E-02  6.942E-04  3.560E-02
100.0      2.757E-02       9.569E-01      -2.524E-04  1.322E-02 -1.297E-03  3.687E-02
110.0      2.486E-02       9.524E-01      -4.235E-04  1.121E-02 -3.898E-04  4.068E-02
120.0      2.102E-02       9.440E-01      -6.268E-04  9.279E-03  6.193E-03  4.643E-02
130.0      1.650E-02       9.292E-01      -8.790E-04  1.031E-02  2.118E-02  5.309E-02
140.0      1.185E-02       9.020E-01      -1.207E-03  1.983E-02  4.743E-02  5.919E-02
150.0      7.564E-03       8.476E-01      -1.650E-03  5.017E-02  8.824E-02  6.238E-02
160.0      4.128E-03       7.222E-01      -2.238E-03  1.347E-01  1.452E-01  5.785E-02
170.0      1.908E-03       4.012E-01      -2.573E-03  3.667E-01  1.859E-01  3.384E-02
180.0      1.141E-03       2.315E-21       2.567E-13  6.613E-01 -1.920E-11  1.987E-22
EL= 4.500E+00
0.0      9.605E-04       0.000E+00       0.000E+00  6.251E-01  0.000E+00  0.000E+00
10.0      1.898E-03       4.932E-01       3.788E-04  2.741E-01 -2.485E-01  4.739E-02
20.0      4.581E-03       7.891E-01       2.964E-04  6.882E-02 -1.688E-01  7.147E-02
30.0      8.639E-03       8.874E-01       2.114E-04  8.589E-03 -9.376E-02  7.287E-02
40.0      1.352E-02       9.275E-01       1.497E-04 -7.593E-03 -4.455E-02  6.653E-02
50.0      1.858E-02       9.468E-01       9.945E-05 -8.103E-03 -1.448E-02  5.744E-02
60.0      2.315E-02       9.570E-01       5.229E-05 -2.921E-03  1.460E-03  4.810E-02
70.0      2.668E-02       9.625E-01       2.719E-06  3.300E-03  7.017E-03  4.018E-02
80.0      2.873E-02       9.651E-01      -5.341E-05  8.015E-03  5.601E-03  3.489E-02
90.0      2.911E-02       9.656E-01      -1.199E-04  9.879E-03  6.798E-04  3.296E-02
100.0      2.780E-02       9.641E-01      -2.008E-04  8.503E-03 -4.186E-03  3.463E-02
110.0      2.499E-02       9.603E-01      -3.013E-04  4.408E-03 -5.440E-03  3.966E-02
120.0      2.106E-02       9.533E-01      -4.287E-04 -8.882E-04  3.699E-04  4.728E-02
130.0      1.647E-02       9.408E-01      -5.944E-04 -4.547E-03  1.661E-02  5.626E-02
140.0      1.175E-02       9.179E-01      -8.176E-04 -1.342E-03  4.688E-02  6.488E-02
150.0      7.418E-03       8.712E-01      -1.131E-03  2.000E-02  9.568E-02  7.050E-02
160.0      3.951E-03       7.600E-01      -1.575E-03  9.069E-02  1.674E-01  6.784E-02
170.0      1.714E-03       4.496E-01      -1.933E-03  3.101E-01  2.324E-01  4.258E-02
180.0      9.420E-04       2.823E-21       2.100E-13  6.354E-01 -2.626E-11  2.727E-22
EL= 5.000E+00
0.0      8.306E-04       0.000E+00       0.000E+00  5.886E-01  0.000E+00  0.000E+00
10.0      1.760E-03       5.272E-01      -1.152E-03  2.249E-01 -2.943E-01  5.654E-02
20.0      4.418E-03       8.105E-01      -8.553E-04  3.598E-02 -1.894E-01  8.146E-02
30.0      8.433E-03       8.999E-01      -5.970E-04 -1.366E-02 -1.005E-01  8.114E-02
40.0      1.325E-02       9.356E-01      -4.293E-04 -2.322E-02 -4.370E-02  7.250E-02
50.0      1.823E-02       9.527E-01      -3.162E-04 -1.882E-02 -9.808E-03  6.095E-02
60.0      2.271E-02       9.617E-01      -2.374E-04 -9.807E-03  7.303E-03  4.930E-02
70.0      2.614E-02       9.665E-01      -1.827E-04 -7.503E-04  1.204E-02  3.950E-02
80.0      2.812E-02       9.687E-01      -1.472E-04  5.711E-03  8.448E-03  3.297E-02
90.0      2.844E-02       9.691E-01      -1.286E-04  8.134E-03  6.611E-04  3.060E-02
100.0      2.710E-02       9.677E-01      -1.261E-04  6.089E-03 -7.057E-03  3.268E-02
110.0      2.432E-02       9.643E-01      -1.403E-04  1.366E-04 -1.045E-02  3.891E-02
120.0      2.044E-02       9.581E-01      -1.731E-04 -8.106E-03 -5.388E-03  4.838E-02
130.0      1.594E-02       9.469E-01      -2.282E-04 -1.571E-02  1.212E-02  5.964E-02
140.0      1.133E-02       9.263E-01      -3.128E-04 -1.752E-02  4.633E-02  7.066E-02
150.0      7.107E-03       8.840E-01      -4.404E-04 -2.865E-03  1.028E-01  7.850E-02
160.0      3.733E-03       7.815E-01      -6.307E-04  5.767E-02  1.882E-01  7.737E-02
170.0      1.559E-03       4.802E-01      -8.129E-04  2.644E-01  2.752E-01  5.074E-02
180.0      8.083E-04       3.194E-21       9.396E-14  6.041E-01 -3.307E-11  3.449E-22
EL= 5.500E+00
0.0      7.406E-04       0.000E+00       0.000E+00  5.469E-01  0.000E+00  0.000E+00
10.0      1.644E-03       5.482E-01      -3.060E-03  1.833E-01 -3.369E-01  6.516E-02
20.0      4.224E-03       8.229E-01      -2.221E-03  9.051E-03 -2.091E-01  9.124E-02
30.0      8.116E-03       9.069E-01      -1.541E-03 -3.235E-02 -1.070E-01  8.946E-02
40.0      1.278E-02       9.401E-01      -1.101E-03 -3.648E-02 -4.290E-02  7.863E-02
50.0      1.758E-02       9.559E-01      -7.956E-04 -2.781E-02 -5.192E-03  6.467E-02
60.0      2.189E-02       9.642E-01      -5.694E-04 -1.531E-02  1.310E-02  5.074E-02
70.0      2.517E-02       9.686E-01      -3.926E-04 -3.602E-03  1.703E-02  3.906E-02
80.0      2.703E-02       9.706E-01      -2.492E-04  4.515E-03  1.128E-02  3.131E-02
90.0      2.729E-02       9.709E-01      -1.297E-04  7.472E-03  6.375E-04  2.850E-02
100.0      2.597E-02       9.696E-01      -2.748E-05  4.792E-03 -9.919E-03  3.100E-02
110.0      2.326E-02       9.664E-01       6.238E-05 -2.915E-03 -1.542E-02  3.843E-02
120.0      1.952E-02       9.606E-01       1.449E-04 -1.390E-02 -1.109E-02  4.974E-02
130.0      1.519E-02       9.501E-01       2.263E-04 -2.509E-02  7.700E-03  6.325E-02
140.0      1.076E-02       9.309E-01       3.157E-04 -3.126E-02  4.586E-02  7.664E-02
150.0      6.726E-03       8.911E-01       4.285E-04 -2.205E-02  1.098E-01  8.657E-02
160.0      3.504E-03       7.937E-01       5.874E-04  3.057E-02  2.082E-01  8.670E-02
170.0      1.430E-03       4.989E-01       7.447E-04  2.254E-01  3.150E-01  5.843E-02
180.0      7.144E-04       3.444E-21      -8.806E-14  5.681E-01 -3.942E-11  4.128E-22
EL= 6.000E+00
0.0      6.767E-04       0.000E+00       0.000E+00  5.011E-01  0.000E+00  0.000E+00
10.0      1.544E-03       5.604E-01      -5.307E-03  1.467E-01 -3.765E-01  7.329E-02
20.0      4.020E-03       8.297E-01      -3.803E-03 -1.443E-02 -2.282E-01  1.009E-01
30.0      7.752E-03       9.105E-01      -2.628E-03 -4.904E-02 -1.135E-01  9.783E-02
40.0      1.221E-02       9.423E-01      -1.872E-03 -4.846E-02 -4.211E-02  8.491E-02
50.0      1.680E-02       9.574E-01      -1.345E-03 -3.586E-02 -6.036E-04  6.858E-02
60.0      2.089E-02       9.653E-01      -9.488E-04 -2.005E-02  1.888E-02  5.237E-02
70.0      2.399E-02       9.695E-01      -6.305E-04 -5.787E-03  2.202E-02  3.884E-02
80.0      2.573E-02       9.714E-01      -3.615E-04  3.940E-03  1.410E-02  2.985E-02
90.0      2.594E-02       9.717E-01      -1.238E-04  7.417E-03  6.078E-04  2.662E-02
100.0      2.465E-02       9.704E-01       9.591E-05  4.118E-03 -1.279E-02  2.953E-02
110.0      2.204E-02       9.673E-01       3.094E-04 -5.294E-03 -2.040E-02  3.817E-02
120.0      1.847E-02       9.617E-01       5.298E-04 -1.893E-02 -1.678E-02  5.134E-02
130.0      1.435E-02       9.517E-01       7.755E-04 -3.351E-02  3.331E-03  6.710E-02
140.0      1.015E-02       9.331E-01       1.076E-03 -4.367E-02  4.545E-02  8.281E-02
150.0      6.327E-03       8.947E-01       1.483E-03 -3.918E-02  1.168E-01  9.475E-02
160.0      3.281E-03       8.002E-01       2.081E-03  6.913E-03  2.276E-01  9.594E-02
170.0      1.322E-03       5.092E-01       2.711E-03  1.907E-01  3.521E-01  6.570E-02
180.0      6.464E-04       3.591E-21      -3.294E-13  5.282E-01 -4.513E-11  4.747E-22
EL= 6.500E+00
0.0      6.305E-04       0.000E+00       0.000E+00  4.526E-01  0.000E+00  0.000E+00
10.0      1.458E-03       5.660E-01      -7.853E-03  1.134E-01 -4.131E-01  8.094E-02
20.0      3.820E-03       8.327E-01      -5.592E-03 -3.575E-02 -2.467E-01  1.103E-01
30.0      7.375E-03       9.120E-01      -3.858E-03 -6.452E-02 -1.199E-01  1.062E-01
40.0      1.162E-02       9.432E-01      -2.744E-03 -5.965E-02 -4.126E-02  9.126E-02
50.0      1.597E-02       9.579E-01      -1.967E-03 -4.333E-02  4.036E-03  7.259E-02
60.0      1.984E-02       9.656E-01      -1.377E-03 -2.431E-02  2.471E-02  5.411E-02
70.0      2.275E-02       9.697E-01      -8.975E-04 -7.543E-03  2.704E-02  3.871E-02
80.0      2.437E-02       9.715E-01      -4.849E-04  3.771E-03  1.695E-02  2.850E-02
90.0      2.453E-02       9.718E-01      -1.113E-04  7.764E-03  5.753E-04  2.484E-02
100.0      2.327E-02       9.705E-01       2.443E-04  3.853E-03 -1.568E-02  2.817E-02
110.0      2.079E-02       9.675E-01       6.014E-04 -7.242E-03 -2.542E-02  3.804E-02
120.0      1.739E-02       9.619E-01       9.829E-04 -2.347E-02 -2.250E-02  5.306E-02
130.0      1.349E-02       9.520E-01       1.421E-03 -4.134E-02 -1.075E-03  7.107E-02
140.0      9.534E-03       9.337E-01       1.970E-03 -5.527E-02  4.500E-02  8.909E-02
150.0      5.935E-03       8.960E-01       2.725E-03 -5.507E-02  1.237E-01  1.030E-01
160.0      3.071E-03       8.027E-01       3.844E-03 -1.461E-02  2.465E-01  1.050E-01
170.0      1.230E-03       5.135E-01       5.048E-03  1.589E-01  3.864E-01  7.253E-02
180.0      5.960E-04       3.655E-21      -6.196E-13  4.854E-01 -5.011E-11  5.295E-22
EL= 7.000E+00
0.0      5.970E-04       0.000E+00       0.000E+00  4.027E-01  0.000E+00  0.000E+00
10.0      1.384E-03       5.669E-01      -1.068E-02  8.267E-02 -4.470E-01  8.813E-02
20.0      3.629E-03       8.329E-01      -7.596E-03 -5.565E-02 -2.647E-01  1.197E-01
30.0      7.004E-03       9.120E-01      -5.239E-03 -7.923E-02 -1.262E-01  1.147E-01
40.0      1.103E-02       9.430E-01      -3.726E-03 -7.036E-02 -4.040E-02  9.773E-02
50.0      1.514E-02       9.576E-01      -2.666E-03 -5.045E-02  8.691E-03  7.674E-02
60.0      1.879E-02       9.653E-01      -1.858E-03 -2.828E-02  3.056E-02  5.600E-02
70.0      2.152E-02       9.693E-01      -1.197E-03 -9.034E-03  3.209E-02  3.872E-02
80.0      2.302E-02       9.711E-01      -6.208E-04  3.858E-03  1.981E-02  2.728E-02
90.0      2.314E-02       9.714E-01      -9.215E-05  8.364E-03  5.395E-04  2.320E-02
100.0      2.192E-02       9.701E-01       4.191E-04  3.843E-03 -1.859E-02  2.697E-02
110.0      1.955E-02       9.670E-01       9.416E-04 -8.926E-03 -3.046E-02  3.807E-02
120.0      1.634E-02       9.614E-01       1.509E-03 -2.773E-02 -2.825E-02  5.497E-02
130.0      1.267E-02       9.515E-01       2.170E-03 -4.882E-02 -5.481E-03  7.523E-02
140.0      8.942E-03       9.332E-01       3.007E-03 -6.641E-02  4.457E-02  9.555E-02
150.0      5.563E-03       8.955E-01       4.165E-03 -7.021E-02  1.306E-01  1.113E-01
160.0      2.877E-03       8.022E-01       5.883E-03 -3.475E-02  2.649E-01  1.141E-01
170.0      1.152E-03       5.131E-01       7.737E-03  1.291E-01  4.181E-01  7.896E-02
180.0      5.582E-04       3.652E-21      -9.498E-13  4.406E-01 -5.432E-11  5.768E-22
EL= 8.000E+00
0.0      5.553E-04       0.000E+00       0.000E+00  3.032E-01  0.000E+00  0.000E+00
10.0      1.264E-03       5.585E-01      -1.697E-02  2.633E-02 -5.063E-01  1.010E-01
20.0      3.283E-03       8.277E-01      -1.218E-02 -9.273E-02 -2.987E-01  1.379E-01
30.0      6.313E-03       9.086E-01      -8.425E-03 -1.072E-01 -1.381E-01  1.314E-01
40.0      9.913E-03       9.404E-01      -5.997E-03 -9.086E-02 -3.832E-02  1.107E-01
50.0      1.357E-02       9.554E-01      -4.287E-03 -6.399E-02  1.828E-02  8.515E-02
60.0      1.681E-02       9.633E-01      -2.974E-03 -3.561E-02  4.250E-02  5.989E-02
70.0      1.920E-02       9.674E-01      -1.887E-03 -1.143E-02  4.236E-02  3.886E-02
80.0      2.049E-02       9.693E-01      -9.285E-04  4.617E-03  2.562E-02  2.497E-02
90.0      2.054E-02       9.694E-01      -3.419E-05  1.015E-02  4.613E-04  2.004E-02
100.0      1.942E-02       9.681E-01       8.466E-04  4.405E-03 -2.452E-02  2.470E-02
110.0      1.728E-02       9.649E-01       1.763E-03 -1.172E-02 -4.074E-02  3.831E-02
120.0      1.441E-02       9.591E-01       2.776E-03 -3.564E-02 -3.999E-02  5.900E-02
130.0      1.116E-02       9.488E-01       3.971E-03 -6.313E-02 -1.455E-02  8.381E-02
140.0      7.868E-03       9.299E-01       5.496E-03 -8.781E-02  4.343E-02  1.087E-01
150.0      4.896E-03       8.909E-01       7.612E-03 -9.910E-02  1.438E-01  1.281E-01
160.0      2.539E-03       7.951E-01       1.073E-02 -7.250E-02  2.998E-01  1.317E-01
170.0      1.028E-03       5.029E-01       1.397E-02  7.346E-02  4.734E-01  9.049E-02
180.0      5.079E-04       3.509E-21      -1.682E-12  3.488E-01 -6.050E-11  6.488E-22
EL= 9.000E+00
0.0      5.348E-04       0.000E+00       0.000E+00  2.091E-01  0.000E+00  0.000E+00
10.0      1.173E-03       5.415E-01      -2.382E-02 -2.507E-02 -5.545E-01  1.120E-01
20.0      2.989E-03       8.173E-01      -1.742E-02 -1.275E-01 -3.298E-01  1.552E-01
30.0      5.709E-03       9.021E-01      -1.212E-02 -1.340E-01 -1.488E-01  1.479E-01
40.0      8.930E-03       9.357E-01      -8.647E-03 -1.106E-01 -3.556E-02  1.236E-01
50.0      1.219E-02       9.517E-01      -6.185E-03 -7.694E-02  2.839E-02  9.350E-02
60.0      1.506E-02       9.600E-01      -4.280E-03 -4.238E-02  5.486E-02  6.373E-02
70.0      1.716E-02       9.644E-01      -2.692E-03 -1.325E-02  5.294E-02  3.893E-02
80.0      1.826E-02       9.663E-01      -1.280E-03  5.972E-03  3.159E-02  2.257E-02
90.0      1.827E-02       9.665E-01       5.081E-05  1.254E-02  3.794E-04  1.680E-02
100.0      1.723E-02       9.650E-01       1.375E-03  5.564E-03 -3.062E-02  2.238E-02
110.0      1.531E-02       9.615E-01       2.767E-03 -1.394E-02 -5.134E-02  3.855E-02
120.0      1.275E-02       9.553E-01       4.317E-03 -4.302E-02 -5.217E-02  6.309E-02
130.0      9.857E-03       9.443E-01       6.158E-03 -7.689E-02 -2.415E-02  9.247E-02
140.0      6.951E-03       9.241E-01       8.511E-03 -1.085E-01  4.163E-02  1.219E-01
150.0      4.333E-03       8.828E-01       1.176E-02 -1.270E-01  1.559E-01  1.446E-01
160.0      2.261E-03       7.823E-01       1.648E-02 -1.082E-01  3.317E-01  1.485E-01
170.0      9.348E-04       4.843E-01       2.101E-02  2.138E-02  5.177E-01  1.002E-01
180.0      4.786E-04       3.260E-21      -2.441E-12  2.587E-01 -6.400E-11  6.937E-22
EL= 1.100E+01
0.0      5.258E-04       0.000E+00       0.000E+00  4.635E-02  0.000E+00  0.000E+00
10.0      1.047E-03       4.947E-01      -3.785E-02 -1.176E-01 -6.200E-01  1.281E-01
20.0      2.530E-03       7.870E-01      -2.918E-02 -1.931E-01 -3.817E-01  1.863E-01
30.0      4.742E-03       8.833E-01      -2.066E-02 -1.856E-01 -1.659E-01  1.789E-01
40.0      7.348E-03       9.223E-01      -1.484E-02 -1.488E-01 -2.728E-02  1.482E-01
50.0      9.968E-03       9.410E-01      -1.064E-02 -1.017E-01  5.069E-02  1.092E-01
60.0      1.224E-02       9.507E-01      -7.348E-03 -5.472E-02  8.120E-02  7.044E-02
70.0      1.388E-02       9.558E-01      -4.572E-03 -1.556E-02  7.525E-02  3.808E-02
80.0      1.470E-02       9.581E-01      -2.073E-03  1.013E-02  4.415E-02  1.673E-02
90.0      1.465E-02       9.582E-01       3.114E-04  1.884E-02  2.183E-04  9.296E-03
100.0      1.376E-02       9.563E-01       2.713E-03  9.354E-03 -4.346E-02  1.678E-02
110.0      1.219E-02       9.521E-01       5.264E-03 -1.703E-02 -7.377E-02  3.819E-02
120.0      1.013E-02       9.446E-01       8.126E-03 -5.662E-02 -7.828E-02  7.057E-02
130.0      7.824E-03       9.315E-01       1.153E-02 -1.034E-01 -4.559E-02  1.092E-01
140.0      5.527E-03       9.077E-01       1.587E-02 -1.490E-01  3.510E-02  1.475E-01
150.0      3.468E-03       8.595E-01       2.176E-02 -1.812E-01  1.754E-01  1.763E-01
160.0      1.845E-03       7.460E-01       2.987E-02 -1.766E-01  3.842E-01  1.789E-01
170.0      8.087E-04       4.351E-01       3.591E-02 -7.565E-02  5.749E-01  1.142E-01
180.0      4.527E-04       2.678E-21      -3.816E-12  9.489E-02 -6.526E-11  7.240E-22
EL= 1.200E+01
0.0      5.293E-04       0.000E+00       0.000E+00 -2.109E-02  0.000E+00  0.000E+00
10.0      1.004E-03       4.691E-01      -4.455E-02 -1.593E-01 -6.393E-01  1.336E-01
20.0      2.352E-03       7.690E-01      -3.540E-02 -2.241E-01 -4.022E-01  1.998E-01
30.0      4.359E-03       8.719E-01      -2.532E-02 -2.106E-01 -1.719E-01  1.932E-01
40.0      6.718E-03       9.141E-01      -1.827E-02 -1.673E-01 -2.167E-02  1.596E-01
50.0      9.081E-03       9.345E-01      -1.312E-02 -1.135E-01  6.289E-02  1.163E-01
60.0      1.112E-02       9.451E-01      -9.056E-03 -6.035E-02  9.515E-02  7.310E-02
70.0      1.258E-02       9.507E-01      -5.613E-03 -1.614E-02  8.694E-02  3.696E-02
80.0      1.330E-02       9.531E-01      -2.499E-03  1.284E-02  5.071E-02  1.312E-02
90.0      1.322E-02       9.531E-01       4.857E-04  2.263E-02  1.476E-04  4.863E-03
100.0      1.240E-02       9.510E-01       3.504E-03  1.189E-02 -5.016E-02  1.332E-02
110.0      1.096E-02       9.464E-01       6.718E-03 -1.798E-02 -8.556E-02  3.738E-02
120.0      9.103E-03       9.381E-01       1.033E-02 -6.289E-02 -9.220E-02  7.371E-02
130.0      7.034E-03       9.237E-01       1.463E-02 -1.162E-01 -5.748E-02  1.169E-01
140.0      4.976E-03       8.976E-01       2.007E-02 -1.688E-01  3.019E-02  1.595E-01
150.0      3.136E-03       8.454E-01       2.737E-02 -2.077E-01  1.824E-01  1.909E-01
160.0      1.688E-03       7.245E-01       3.712E-02 -2.096E-01  4.044E-01  1.921E-01
170.0      7.651E-04       4.086E-01       4.315E-02 -1.207E-01  5.897E-01  1.188E-01
180.0      4.482E-04       2.403E-21      -4.382E-12  2.371E-02 -6.412E-11  7.201E-22
EL= 1.300E+01
0.0      5.353E-04       0.000E+00       0.000E+00 -8.070E-02  0.000E+00  0.000E+00
10.0      9.689E-04       4.436E-01      -5.079E-02 -1.984E-01 -6.514E-01  1.378E-01
20.0      2.199E-03       7.499E-01      -4.164E-02 -2.543E-01 -4.192E-01  2.121E-01
30.0      4.029E-03       8.595E-01      -3.011E-02 -2.350E-01 -1.763E-01  2.065E-01
40.0      6.173E-03       9.052E-01      -2.182E-02 -1.855E-01 -1.502E-02  1.703E-01
50.0      8.313E-03       9.273E-01      -1.570E-02 -1.251E-01  7.580E-02  1.228E-01
60.0      1.015E-02       9.389E-01      -1.084E-02 -6.567E-02  1.096E-01  7.520E-02
70.0      1.145E-02       9.450E-01      -6.692E-03 -1.637E-02  9.901E-02  3.530E-02
80.0      1.208E-02       9.476E-01      -2.929E-03  1.593E-02  5.747E-02  8.966E-03
90.0      1.199E-02       9.476E-01       6.924E-04  2.684E-02  8.700E-05 -1.221E-04
100.0      1.123E-02       9.452E-01       4.365E-03  1.483E-02 -5.705E-02  9.321E-03
110.0      9.916E-03       9.401E-01       8.285E-03 -1.856E-02 -9.775E-02  3.605E-02
120.0      8.228E-03       9.309E-01       1.269E-02 -6.883E-02 -1.067E-01  7.634E-02
130.0      6.359E-03       9.151E-01       1.793E-02 -1.287E-01 -7.022E-02  1.241E-01
140.0      4.507E-03       8.866E-01       2.452E-02 -1.883E-01  2.408E-02  1.709E-01
150.0      2.855E-03       8.300E-01       3.324E-02 -2.338E-01  1.874E-01  2.047E-01
160.0      1.557E-03       7.017E-01       4.447E-02 -2.418E-01  4.205E-01  2.039E-01
170.0      7.302E-04       3.822E-01       4.993E-02 -1.638E-01  5.971E-01  1.220E-01
180.0      4.465E-04       2.153E-21      -4.857E-12 -4.085E-02 -6.230E-11  7.088E-22
EL= 1.400E+01
0.0      5.427E-04       0.000E+00       0.000E+00 -1.336E-01  0.000E+00  0.000E+00
10.0      9.403E-04       4.186E-01      -5.649E-02 -2.352E-01 -6.574E-01  1.407E-01
20.0      2.068E-03       7.302E-01      -4.777E-02 -2.835E-01 -4.329E-01  2.230E-01
30.0      3.742E-03       8.464E-01      -3.494E-02 -2.589E-01 -1.789E-01  2.189E-01
40.0      5.699E-03       8.957E-01      -2.544E-02 -2.033E-01 -7.358E-03  1.802E-01
50.0      7.645E-03       9.197E-01      -1.834E-02 -1.363E-01  8.943E-02  1.287E-01
60.0      9.309E-03       9.323E-01      -1.266E-02 -7.068E-02  1.246E-01  7.671E-02
70.0      1.048E-02       9.388E-01      -7.791E-03 -1.626E-02  1.114E-01  3.306E-02
80.0      1.103E-02       9.416E-01      -3.352E-03  1.938E-02  6.443E-02  4.225E-03
90.0      1.092E-02       9.416E-01       9.328E-04  3.142E-02  3.818E-05 -5.692E-03
100.0      1.021E-02       9.389E-01       5.289E-03  1.816E-02 -6.413E-02  4.738E-03
110.0      9.013E-03       9.332E-01       9.945E-03 -1.877E-02 -1.103E-01  3.415E-02
120.0      7.476E-03       9.231E-01       1.518E-02 -7.444E-02 -1.218E-01  7.840E-02
130.0      5.780E-03       9.058E-01       2.138E-02 -1.409E-01 -8.380E-02  1.307E-01
140.0      4.105E-03       8.747E-01       2.913E-02 -2.075E-01  1.674E-02  1.817E-01
150.0      2.614E-03       8.137E-01       3.924E-02 -2.595E-01  1.903E-01  2.175E-01
160.0      1.446E-03       6.780E-01       5.175E-02 -2.733E-01  4.326E-01  2.143E-01
170.0      7.018E-04       3.567E-01       5.613E-02 -2.049E-01  5.981E-01  1.241E-01
180.0      4.467E-04       1.930E-21      -5.245E-12 -9.952E-02 -6.009E-11  6.927E-22
EL= 1.500E+01
0.0      5.507E-04       0.000E+00       0.000E+00 -1.810E-01  0.000E+00  0.000E+00
10.0      9.167E-04       3.948E-01      -6.158E-02 -2.699E-01 -6.584E-01  1.425E-01
20.0      1.954E-03       7.101E-01      -5.370E-02 -3.119E-01 -4.433E-01  2.327E-01
30.0      3.491E-03       8.328E-01      -3.975E-02 -2.824E-01 -1.799E-01  2.304E-01
40.0      5.284E-03       8.857E-01      -2.908E-02 -2.208E-01  1.303E-03  1.894E-01
50.0      7.062E-03       9.116E-01      -2.100E-02 -1.473E-01  1.037E-01  1.339E-01
60.0      8.574E-03       9.252E-01      -1.449E-02 -7.539E-02  1.401E-01  7.760E-02
70.0      9.628E-03       9.323E-01      -8.888E-03 -1.584E-02  1.242E-01  3.021E-02
80.0      1.011E-02       9.353E-01      -3.757E-03  2.317E-02  7.157E-02 -1.117E-03
90.0      9.999E-03       9.352E-01       1.210E-03  3.636E-02  8.843E-06 -1.186E-02
100.0      9.336E-03       9.322E-01       6.270E-03  2.184E-02 -7.136E-02 -4.469E-04
110.0      8.230E-03       9.259E-01       1.168E-02 -1.863E-02 -1.233E-01  3.164E-02
120.0      6.824E-03       9.148E-01       1.776E-02 -7.974E-02 -1.375E-01  7.984E-02
130.0      5.280E-03       8.958E-01       2.494E-02 -1.529E-01 -9.819E-02  1.367E-01
140.0      3.759E-03       8.621E-01       3.385E-02 -2.264E-01  8.188E-03  1.916E-01
150.0      2.408E-03       7.965E-01       4.528E-02 -2.848E-01  1.912E-01  2.293E-01
160.0      1.350E-03       6.540E-01       5.884E-02 -3.041E-01  4.408E-01  2.233E-01
170.0      6.782E-04       3.324E-01       6.166E-02 -2.441E-01  5.940E-01  1.251E-01
180.0      4.478E-04       1.734E-21      -5.554E-12 -1.530E-01 -5.765E-11  6.738E-22
EL= 1.600E+01
0.0      5.584E-04       0.000E+00       0.000E+00 -2.230E-01  0.000E+00  0.000E+00
10.0      8.965E-04       3.723E-01      -6.603E-02 -3.022E-01 -6.554E-01  1.436E-01
20.0      1.853E-03       6.899E-01      -5.933E-02 -3.392E-01 -4.507E-01  2.411E-01
30.0      3.270E-03       8.188E-01      -4.443E-02 -3.053E-01 -1.792E-01  2.407E-01
40.0      4.918E-03       8.752E-01      -3.267E-02 -2.379E-01  1.102E-02  1.977E-01
50.0      6.547E-03       9.031E-01      -2.363E-02 -1.579E-01  1.188E-01  1.383E-01
60.0      7.925E-03       9.178E-01      -1.630E-02 -7.977E-02  1.562E-01  7.774E-02
70.0      8.879E-03       9.254E-01      -9.963E-03 -1.505E-02  1.373E-01  2.661E-02
80.0      9.307E-03       9.286E-01      -4.135E-03  2.736E-02  7.891E-02 -7.214E-03
90.0      9.187E-03       9.284E-01       1.521E-03  4.172E-02 -1.108E-05 -1.880E-02
100.0      8.567E-03       9.251E-01       7.293E-03  2.594E-02 -7.880E-02 -6.395E-03
110.0      7.545E-03       9.181E-01       1.347E-02 -1.810E-02 -1.366E-01  2.837E-02
120.0      6.255E-03       9.060E-01       2.040E-02 -8.466E-02 -1.539E-01  8.053E-02
130.0      4.843E-03       8.854E-01       2.855E-02 -1.645E-01 -1.135E-01  1.418E-01
140.0      3.457E-03       8.489E-01       3.858E-02 -2.450E-01 -1.671E-03  2.006E-01
150.0      2.228E-03       7.788E-01       5.124E-02 -3.096E-01  1.901E-01  2.399E-01
160.0      1.268E-03       6.298E-01       6.557E-02 -3.340E-01  4.455E-01  2.309E-01
170.0      6.581E-04       3.097E-01       6.646E-02 -2.810E-01  5.859E-01  1.254E-01
180.0      4.491E-04       1.562E-21      -5.790E-12 -2.012E-01 -5.512E-11  6.535E-22
EL= 1.700E+01
0.0      5.663E-04       0.000E+00       0.000E+00 -2.618E-01  0.000E+00  0.000E+00
10.0      8.795E-04       3.512E-01      -6.988E-02 -3.332E-01 -6.491E-01  1.440E-01
20.0      1.766E-03       6.698E-01      -6.463E-02 -3.659E-01 -4.555E-01  2.484E-01
30.0      3.075E-03       8.044E-01      -4.898E-02 -3.278E-01 -1.772E-01  2.502E-01
40.0      4.596E-03       8.644E-01      -3.619E-02 -2.547E-01  2.155E-02  2.053E-01
50.0      6.093E-03       8.943E-01      -2.624E-02 -1.683E-01  1.344E-01  1.422E-01
60.0      7.355E-03       9.100E-01      -1.809E-02 -8.393E-02  1.726E-01  7.737E-02
70.0      8.220E-03       9.182E-01      -1.101E-02 -1.405E-02  1.507E-01  2.254E-02
80.0      8.599E-03       9.215E-01      -4.483E-03  3.178E-02  8.638E-02 -1.378E-02
90.0      8.474E-03       9.213E-01       1.869E-03  4.732E-02 -1.671E-05 -2.620E-02
100.0      7.892E-03       9.176E-01       8.359E-03  3.029E-02 -8.635E-02 -1.281E-02
110.0      6.946E-03       9.100E-01       1.530E-02 -1.731E-02 -1.502E-01  2.463E-02
120.0      5.758E-03       8.967E-01       2.308E-02 -8.934E-02 -1.706E-01  8.070E-02
130.0      4.463E-03       8.744E-01       3.219E-02 -1.758E-01 -1.295E-01  1.464E-01
140.0      3.194E-03       8.351E-01       4.332E-02 -2.633E-01 -1.258E-02  2.089E-01
150.0      2.072E-03       7.606E-01       5.708E-02 -3.341E-01  1.871E-01  2.496E-01
160.0      1.197E-03       6.057E-01       7.192E-02 -3.634E-01  4.468E-01  2.374E-01
170.0      6.412E-04       2.884E-01       7.057E-02 -3.169E-01  5.744E-01  1.250E-01
180.0      4.510E-04       1.412E-21      -5.966E-12 -2.465E-01 -5.256E-11  6.325E-22
EL= 1.800E+01
0.0      5.738E-04       0.000E+00       0.000E+00 -2.974E-01  0.000E+00  0.000E+00
10.0      8.649E-04       3.314E-01      -7.314E-02 -3.626E-01 -6.402E-01  1.437E-01
20.0      1.688E-03       6.498E-01      -6.955E-02 -3.917E-01 -4.577E-01  2.547E-01
30.0      2.902E-03       7.899E-01      -5.333E-02 -3.497E-01 -1.736E-01  2.588E-01
40.0      4.309E-03       8.534E-01      -3.961E-02 -2.711E-01  3.294E-02  2.121E-01
50.0      5.690E-03       8.852E-01      -2.876E-02 -1.784E-01  1.505E-01  1.454E-01
60.0      6.848E-03       9.020E-01      -1.983E-02 -8.783E-02  1.894E-01  7.636E-02
70.0      7.635E-03       9.107E-01      -1.202E-02 -1.278E-02  1.643E-01  1.786E-02
80.0      7.972E-03       9.142E-01      -4.791E-03  3.647E-02  9.401E-02 -2.094E-02
90.0      7.844E-03       9.138E-01       2.254E-03  5.321E-02 -6.949E-06 -3.419E-02
100.0      7.297E-03       9.098E-01       9.459E-03  3.495E-02 -9.403E-02 -1.983E-02
110.0      6.417E-03       9.014E-01       1.717E-02 -1.623E-02 -1.641E-01  2.027E-02
120.0      5.320E-03       8.871E-01       2.578E-02 -9.374E-02 -1.879E-01  8.023E-02
130.0      4.128E-03       8.630E-01       3.582E-02 -1.869E-01 -1.462E-01  1.503E-01
140.0      2.963E-03       8.209E-01       4.797E-02 -2.812E-01 -2.460E-02  2.164E-01
150.0      1.936E-03       7.421E-01       6.271E-02 -3.582E-01  1.823E-01  2.582E-01
160.0      1.135E-03       5.819E-01       7.778E-02 -3.921E-01  4.452E-01  2.426E-01
170.0      6.267E-04       2.686E-01       7.400E-02 -3.511E-01  5.604E-01  1.241E-01
180.0      4.529E-04       1.279E-21      -6.087E-12 -2.886E-01 -5.001E-11  6.113E-22
EL= 1.900E+01
0.0      5.809E-04       0.000E+00       0.000E+00 -3.303E-01  0.000E+00  0.000E+00
10.0      8.521E-04       3.130E-01      -7.584E-02 -3.905E-01 -6.293E-01  1.431E-01
20.0      1.618E-03       6.302E-01      -7.405E-02 -4.168E-01 -4.577E-01  2.599E-01
30.0      2.748E-03       7.752E-01      -5.745E-02 -3.712E-01 -1.688E-01  2.664E-01
40.0      4.053E-03       8.421E-01      -4.288E-02 -2.872E-01  4.515E-02  2.182E-01
50.0      5.330E-03       8.758E-01      -3.119E-02 -1.882E-01  1.672E-01  1.479E-01
60.0      6.396E-03       8.937E-01      -2.149E-02 -9.148E-02  2.065E-01  7.475E-02
70.0      7.115E-03       9.029E-01      -1.296E-02 -1.126E-02  1.783E-01  1.258E-02
80.0      7.414E-03       9.066E-01      -5.051E-03  4.143E-02  1.018E-01 -2.868E-02
90.0      7.284E-03       9.061E-01       2.678E-03  5.939E-02  1.843E-05 -4.278E-02
100.0      6.768E-03       9.016E-01       1.059E-02  3.989E-02 -1.018E-01 -2.745E-02
110.0      5.949E-03       8.926E-01       1.904E-02 -1.486E-02 -1.783E-01  1.529E-02
120.0      4.932E-03       8.771E-01       2.847E-02 -9.785E-02 -2.056E-01  7.912E-02
130.0      3.832E-03       8.512E-01       3.941E-02 -1.976E-01 -1.636E-01  1.534E-01
140.0      2.759E-03       8.063E-01       5.251E-02 -2.989E-01 -3.769E-02  2.230E-01
150.0      1.815E-03       7.233E-01       6.808E-02 -3.818E-01  1.757E-01  2.658E-01
160.0      1.080E-03       5.585E-01       8.312E-02 -4.200E-01  4.408E-01  2.467E-01
170.0      6.140E-04       2.503E-01       7.677E-02 -3.840E-01  5.444E-01  1.228E-01
180.0      4.547E-04       1.163E-21      -6.161E-12 -3.278E-01 -4.753E-11  5.903E-22
EL= 2.000E+01
0.0      5.873E-04       0.000E+00       0.000E+00 -3.609E-01  0.000E+00  0.000E+00
10.0      8.407E-04       2.959E-01      -7.801E-02 -4.171E-01 -6.169E-01  1.421E-01
20.0      1.556E-03       6.110E-01      -7.811E-02 -4.411E-01 -4.556E-01  2.643E-01
30.0      2.609E-03       7.605E-01      -6.130E-02 -3.922E-01 -1.627E-01  2.732E-01
40.0      3.823E-03       8.306E-01      -4.598E-02 -3.030E-01  5.810E-02  2.235E-01
50.0      5.007E-03       8.662E-01      -3.351E-02 -1.978E-01  1.844E-01  1.497E-01
60.0      5.990E-03       8.851E-01      -2.306E-02 -9.490E-02  2.241E-01  7.253E-02
70.0      6.649E-03       8.949E-01      -1.384E-02 -9.509E-03  1.924E-01  6.731E-03
80.0      6.916E-03       8.987E-01      -5.258E-03  4.664E-02  1.097E-01 -3.700E-02
90.0      6.784E-03       8.981E-01       3.140E-03  6.582E-02  5.969E-05 -5.194E-02
100.0      6.297E-03       8.932E-01       1.174E-02  4.511E-02 -1.098E-01 -3.565E-02
110.0      5.532E-03       8.834E-01       2.092E-02 -1.321E-02 -1.928E-01  9.716E-03
120.0      4.587E-03       8.667E-01       3.113E-02 -1.017E-01 -2.238E-01  7.737E-02
130.0      3.568E-03       8.390E-01       4.292E-02 -2.081E-01 -1.817E-01  1.559E-01
140.0      2.578E-03       7.914E-01       5.688E-02 -3.161E-01 -5.177E-02  2.288E-01
150.0      1.708E-03       7.044E-01       7.313E-02 -4.049E-01  1.676E-01  2.724E-01
160.0      1.031E-03       5.356E-01       8.790E-02 -4.472E-01  4.339E-01  2.499E-01
170.0      6.027E-04       2.334E-01       7.893E-02 -4.154E-01  5.270E-01  1.211E-01
180.0      4.563E-04       1.061E-21      -6.195E-12 -3.646E-01 -4.512E-11  5.698E-22
